10050_0270
5.63551
11.0478
-0.170264
4.11561
-0.320132
3.357
-0.320132
14.1618
1
0.5
0.993151
0.4520547945205479
1.09589
0.50
1.23288
0.414384

10150_0145
2.05987
14.1319
-0.08746
14.2581
-0.386169
14.5226
1.08658
14.124
1.49254
0.429104
1.15672
0.455224
0.932836
0.514925
1.30597014925
0.47388059701492535

10150_0270
2.63105
10.7286
-0.320132
5.502
-0.320132
4.52508
0.451099
12.0626
5.0
0.5
5.0
0.5
7.0
0.6
1.40411
0.417808

10250_0020
3.0954
11.9371
0.564228
5.61279
0.564228
5.44242
-1.58671
22.5305
3.47048
0.516276
1
0.5
1
0.5
2.37925
0.567057

10250_0145
2.63105
13.4278
-0.755207
5.48516
0.268753
4.89728
0.564228
16.917
3.84615
0.528646
4.23971
0.548177
1.0
0.5
4.38283
0.404948

10250_0270
2.374
12.2761
0.240526
6.42261
0.240526
4.81985
0.339216
34.934
6.20751
0.480469
5.13417
0.453776
3.32737
0.642578
5.49195
0.289714

10350_0020
3.30368
17.5204
0.204653
15.3575
-0.470074
15.7846
0.431342
15.4128
2.24647
0.508108
5.03209
0.292973
5.26316
0.377838
3.76866
0.425373

10350_0145
5.054
15.1863 
-0.575988 
13.1103
-0.177891 
8.5776 
-1.66959
19.7991
5.63506
0.365234
5.04472
0.328125
5.88551
0.369792
5.559701
0.518656

10350_0270
3.79956
12.3367
-0.8407
7.45742
0.240526
4.59461
0.240526
30.1855
5.25939
0.423828
5.13417
0.453776
1
0.5
4.65116
0.328125

10450_0020
4.55739
15
0.240526
9.32068
0.240526
15
0.240526
14.4805
1
0.5
1
0.5
1
0.5
1.13014
0.465753

10450_0145
5.23531
15.844
-0.24494
6.07593
-0.24494
6.07593
5.23531
40.3411
4.18605
0.535156
2.80859
0.434245
5.45617
0.463542
5.45455
0.0900783

10450_0270
4.26296
15.2952
0.893969
8.84446
-0.24494
7.19138
-0.24494
44.4875
3.82826
0.464193
3.4347
0.335938
3.47048
0.574219
5.76364
0.325065

10550_0020
4.97972
14.3037
0.221835
8.82772
0.893969
5.37513
0.893969
31.7591
3.14039
0.58724
1
0.5
1.00
0.5
6.58182
0.28329

10550_0145
5.23531
15.79
0.76863
8.32888
0.893969
5.79379
0.893969
46.9274
3.6136
0.46875
2.07513
0.269531
3.79249
0.483073
4.52727
0.310705

10550_0270
2.91281
15.9364
0.0231502
5.6823
0.137124
5.7561
-1.66959
19.7991
5.16046
0.486486
2.78562
0.264324
5.96919
0.225946
5.559701
0.518656